@10000
03 01 01 01
@10004
00 00 00 00
@10008
03 01 01 01
@1000c
00 00 00 00
@10010
ff 00 00 00
@10014
00 00 00 00
@10018
ff 00 00 00
@1001c
00 00 00 00
@10020
ff 00 00 00
@10024
00 00 00 00
@10028
ff 00 00 00
@1002c
00 00 00 00
@10030
ff 00 00 00
@10034
00 00 00 00
@10038
ff 00 00 00
@1003c
00 00 00 00
@10040
ff 00 00 00
@10044
00 00 00 00
@10048
ff 00 00 00
@1004c
00 00 00 00
@10050
ff 00 00 00
@10054
00 00 00 00
@10058
ff 00 00 00
@1005c
00 00 00 00
@10060
ff 00 00 00
@10064
00 00 00 00
@10068
ff 00 00 00
@1006c
00 00 00 00
@10070
ff 00 00 00
@10074
00 00 00 00
@10078
ff 00 00 00
@1007c
00 00 00 00
@10080
ff 00 00 00
@10084
00 00 00 00
@10088
ff 00 00 00
@1008c
00 00 00 00
@10090
ff 00 00 00
@10094
00 00 00 00
@10098
ff 00 00 00
@1009c
00 00 00 00
@100a0
ff 00 00 00
@100a4
00 00 00 00
@100a8
ff 00 00 00
@100ac
00 00 00 00
@100b0
ff 00 00 00
@100b4
00 00 00 00
@100b8
ff 00 00 00
@100bc
00 00 00 00
@100c0
ff 00 00 00
@100c4
00 00 00 00
@100c8
ff 00 00 00
@100cc
00 00 00 00
@100d0
ff 00 00 00
@100d4
00 00 00 00
@100d8
ff 00 00 00
@100dc
00 00 00 00
@100e0
ff 00 00 00
@100e4
00 00 00 00
@100e8
ff 00 00 00
@100ec
00 00 00 00
@100f0
ff 00 00 00
@100f4
00 00 00 00
@100f8
ff 00 00 00
@100fc
00 00 00 00
@10100
ff 00 00 00
@10104
00 00 00 00
@10108
ff 00 00 00
@1010c
00 00 00 00
@10110
ff 00 00 00
@10114
00 00 00 00
@10118
ff 00 00 00
@1011c
00 00 00 00
@10120
ff 00 00 00
@10124
00 00 00 00
@10128
ff 00 00 00
@1012c
00 00 00 00
@10130
ff 00 00 00
@10134
00 00 00 00
@10138
ff 00 00 00
@1013c
00 00 00 00
@10140
ff 00 00 00
@10144
40 51 40 51
@10148
ff 00 00 00
@1014c
40 51 40 51
@10150
ff 00 00 00
@10154
40 51 40 51
@10158
ff 00 00 00
@1015c
40 51 40 51
@10160
ff 00 00 00
@10164
40 51 40 51
@10168
ff 00 00 00
@1016c
40 51 40 51
@10170
ff 00 00 00
@10174
40 51 40 51
@10178
ff 00 00 00
@1017c
40 51 40 51
@10180
ff 00 00 00
@10184
40 51 40 51
@10188
ff 00 00 00
@1018c
40 51 40 51
@10190
ff 00 00 00
@10194
00 00 00 00
@10198
ff 00 00 00
@1019c
00 00 00 00
@101a0
ff 00 00 00
@101a4
00 00 00 00
@101a8
ff 00 00 00
@101ac
00 00 00 00
@101b0
ff 00 00 00
@101b4
00 00 00 00
@101b8
ff 00 00 00
@101bc
00 00 00 00
@101c0
ff 00 00 00
@101c4
00 00 00 00
@101c8
ff 00 00 00
@101cc
00 00 00 00
@101d0
ff 00 00 00
@101d4
00 00 00 00
@101d8
ff 00 00 00
@101dc
00 00 00 00
@101e0
ff 00 00 00
@101e4
00 00 00 00
@101e8
ff 00 00 00
@101ec
00 00 00 00
@101f0
ff 00 00 00
@101f4
00 00 00 00
@101f8
ff 00 00 00
@101fc
00 00 00 00
@10200
ff 00 00 00
@10204
00 00 00 00
@10208
ff 00 00 00
@1020c
00 00 00 00
@10210
ff 00 00 00
@10214
00 00 00 00
@10218
ff 00 00 00
@1021c
00 00 00 00
@10220
ff 00 00 00
@10224
00 00 00 00
@10228
ff 00 00 00
@1022c
00 00 00 00
@10230
ff 00 00 00
@10234
40 51 40 51
@10238
ff 00 00 00
@1023c
40 51 40 51
@10240
ff 00 00 00
@10244
40 51 40 51
@10248
ff 00 00 00
@1024c
40 51 40 51
@10250
ff 00 00 00
@10254
40 51 40 51
@10258
ff 00 00 00
@1025c
40 51 40 51
@10260
ff 00 00 00
@10264
40 51 40 51
@10268
ff 00 00 00
@1026c
40 51 40 51
@10270
ff 00 00 00
@10274
40 51 40 51
@10278
ff 00 00 00
@1027c
40 51 40 51
@10280
ff 00 00 00
@10284
40 51 40 51
@10288
ff 00 00 00
@1028c
40 51 40 51
@10290
ff 00 00 00
@10294
40 51 40 51
@10298
ff 00 00 00
@1029c
40 51 40 51
@102a0
ff 00 00 00
@102a4
40 51 40 51
@102a8
ff 00 00 00
@102ac
40 51 40 51
@102b0
ff 00 00 00
@102b4
40 51 40 51
@102b8
ff 00 00 00
@102bc
40 51 40 51
@102c0
ff 00 00 00
@102c4
40 51 40 51
@102c8
ff 00 00 00
@102cc
40 51 40 51
@102d0
ff 00 00 00
@102d4
40 51 40 51
@102d8
ff 00 00 00
@102dc
40 51 40 51
@102e0
ff 00 00 00
@102e4
40 51 40 51
@102e8
ff 00 00 00
@102ec
40 51 40 51
@102f0
ff 00 00 00
@102f4
40 51 40 51
@102f8
ff 00 00 00
@102fc
40 51 40 51
@10300
ff 00 00 00
@10304
40 51 40 51
@10308
ff 00 00 00
@1030c
40 51 40 51
@10310
ff 00 00 00
@10314
40 51 40 51
@10318
ff 00 00 00
@1031c
40 51 40 51
@10320
ff 00 00 00
@10324
40 51 40 51
@10328
ff 00 00 00
@1032c
40 51 40 51
@10330
ff 00 00 00
@10334
40 51 40 51
@10338
ff 00 00 00
@1033c
40 51 40 51
@10340
ff 00 00 00
@10344
40 51 40 51
@10348
ff 00 00 00
@1034c
40 51 40 51
@10350
ff 00 00 00
@10354
40 51 40 51
@10358
ff 00 00 00
@1035c
40 51 40 51
@10360
ff 00 00 00
@10364
40 51 40 51
@10368
ff 00 00 00
@1036c
40 51 40 51
@10370
ff 00 00 00
@10374
40 51 40 51
@10378
ff 00 00 00
@1037c
40 51 40 51
@10380
ff 00 00 00
@10384
40 51 40 51
@10388
ff 00 00 00
@1038c
40 51 40 51
@10390
ff 00 00 00
@10394
40 51 40 51
@10398
ff 00 00 00
@1039c
40 51 40 51
@103a0
ff 00 00 00
@103a4
40 51 40 51
@103a8
ff 00 00 00
@103ac
40 51 40 51
@103b0
ff 00 00 00
@103b4
40 51 40 51
@103b8
ff 00 00 00
@103bc
40 51 40 51
@103c0
ff 00 00 00
@103c4
40 51 40 51
@103c8
ff 00 00 00
@103cc
40 51 40 51
@103d0
ff 00 00 00
@103d4
40 51 40 51
@103d8
ff 00 00 00
@103dc
40 51 40 51
@103e0
ff 00 00 00
@103e4
40 51 40 51
@103e8
ff 00 00 00
@103ec
40 51 40 51
@103f0
ff 00 00 00
@103f4
40 51 40 51
@103f8
ff 00 00 00
@103fc
40 51 40 51
@10400
ff 00 00 00
@10404
40 51 40 51
@10408
ff 00 00 00
@1040c
40 51 40 51
@10410
ff 00 00 00
@10414
40 51 40 51
@10418
ff 00 00 00
@1041c
40 51 40 51
@10420
ff 00 00 00
@10424
40 51 40 51
@10428
ff 00 00 00
@1042c
40 51 40 51
@10430
ff 00 00 00
@10434
40 51 40 51
@10438
ff 00 00 00
@1043c
40 51 40 51
@10440
ff 00 00 00
@10444
40 51 40 51
@10448
ff 00 00 00
@1044c
40 51 40 51
@10450
ff 00 00 00
@10454
40 51 40 51
@10458
ff 00 00 00
@1045c
40 51 40 51
@10460
ff 00 00 00
@10464
40 51 40 51
@10468
ff 00 00 00
@1046c
40 51 40 51
@10470
ff 00 00 00
@10474
40 51 40 51
@10478
ff 00 00 00
@1047c
40 51 40 51
@10480
ff 00 00 00
@10484
40 51 40 51
@10488
ff 00 00 00
@1048c
40 51 40 51
@10490
ff 00 00 00
@10494
40 51 40 51
@10498
ff 00 00 00
@1049c
40 51 40 51
@104a0
ff 00 00 00
@104a4
40 51 40 51
@104a8
ff 00 00 00
@104ac
40 51 40 51
@104b0
ff 00 00 00
@104b4
40 51 40 51
@104b8
ff 00 00 00
@104bc
40 51 40 51
@104c0
ff 00 00 00
@104c4
40 51 40 51
@104c8
ff 00 00 00
@104cc
40 51 40 51
@104d0
ff 00 00 00
@104d4
40 51 40 51
@104d8
ff 00 00 00
@104dc
40 51 40 51
@104e0
ff 00 00 00
@104e4
40 51 40 51
@104e8
ff 00 00 00
@104ec
40 51 40 51
@104f0
ff 00 00 00
@104f4
40 51 40 51
@104f8
ff 00 00 00
@104fc
40 51 40 51
@10500
ff 00 00 00
@10504
40 51 40 51
@10508
ff 00 00 00
@1050c
40 51 40 51
@10510
ff 00 00 00
@10514
40 51 40 51
@10518
ff 00 00 00
@1051c
40 51 40 51
@10520
ff 00 00 00
@10524
40 51 40 51
@10528
ff 00 00 00
@1052c
40 51 40 51
@10530
ff 00 00 00
@10534
40 51 40 51
@10538
ff 00 00 00
@1053c
40 51 40 51
@10540
ff 00 00 00
@10544
40 51 40 51
@10548
ff 00 00 00
@1054c
40 51 40 51
@10550
ff 00 00 00
@10554
40 51 40 51
@10558
ff 00 00 00
@1055c
40 51 40 51
@10560
ff 00 00 00
@10564
40 51 40 51
@10568
ff 00 00 00
@1056c
40 51 40 51
@10570
ff 00 00 00
@10574
40 51 40 51
@10578
ff 00 00 00
@1057c
40 51 40 51
@10580
ff 00 00 00
@10584
40 51 40 51
@10588
ff 00 00 00
@1058c
40 51 40 51
@10590
ff 00 00 00
@10594
40 51 40 51
@10598
ff 00 00 00
@1059c
40 51 40 51
@105a0
ff 00 00 00
@105a4
40 51 40 51
@105a8
ff 00 00 00
@105ac
40 51 40 51
@105b0
ff 00 00 00
@105b4
40 51 40 51
@105b8
ff 00 00 00
@105bc
40 51 40 51
@105c0
ff 00 00 00
@105c4
40 51 40 51
@105c8
ff 00 00 00
@105cc
40 51 40 51
@105d0
ff 00 00 00
@105d4
40 51 40 51
@105d8
ff 00 00 00
@105dc
40 51 40 51
@105e0
ff 00 00 00
@105e4
40 51 40 51
@105e8
ff 00 00 00
@105ec
40 51 40 51
@105f0
ff 00 00 00
@105f4
40 51 40 51
@105f8
ff 00 00 00
@105fc
40 51 40 51
@10600
ff 00 00 00
@10604
40 51 40 51
@10608
ff 00 00 00
@1060c
40 51 40 51
@10610
ff 00 00 00
@10614
40 51 40 51
@10618
ff 00 00 00
@1061c
40 51 40 51
@10620
ff 00 00 00
@10624
40 51 40 51
@10628
ff 00 00 00
@1062c
40 51 40 51
@10630
ff 00 00 00
@10634
40 51 40 51
@10638
ff 00 00 00
@1063c
40 51 40 51
@10640
ff 00 00 00
@10644
40 51 40 51
@10648
ff 00 00 00
@1064c
40 51 40 51
@10650
ff 00 00 00
@10654
40 51 40 51
@10658
ff 00 00 00
@1065c
40 51 40 51
@10660
ff 00 00 00
@10664
40 51 40 51
@10668
ff 00 00 00
@1066c
40 51 40 51
@10670
ff 00 00 00
@10674
40 51 40 51
@10678
ff 00 00 00
@1067c
40 51 40 51
@10680
ff 00 00 00
@10684
40 51 40 51
@10688
ff 00 00 00
@1068c
40 51 40 51
@10690
ff 00 00 00
@10694
40 51 40 51
@10698
ff 00 00 00
@1069c
40 51 40 51
@106a0
ff 00 00 00
@106a4
40 51 40 51
@106a8
ff 00 00 00
@106ac
40 51 40 51
@106b0
ff 00 00 00
@106b4
40 51 40 51
@106b8
ff 00 00 00
@106bc
40 51 40 51
@106c0
ff 00 00 00
@106c4
40 51 40 51
@106c8
ff 00 00 00
@106cc
40 51 40 51
@106d0
ff 00 00 00
@106d4
40 51 40 51
@106d8
ff 00 00 00
@106dc
40 51 40 51
@106e0
ff 00 00 00
@106e4
40 51 40 51
@106e8
ff 00 00 00
@106ec
40 51 40 51
@106f0
ff 00 00 00
@106f4
40 51 40 51
@106f8
ff 00 00 00
@106fc
40 51 40 51
@10700
ff 00 00 00
@10704
40 51 40 51
@10708
ff 00 00 00
@1070c
40 51 40 51
@10710
ff 00 00 00
@10714
40 51 40 51
@10718
ff 00 00 00
@1071c
40 51 40 51
@10720
ff 00 00 00
@10724
40 51 40 51
@10728
ff 00 00 00
@1072c
40 51 40 51
@10730
ff 00 00 00
@10734
40 51 40 51
@10738
ff 00 00 00
@1073c
40 51 40 51
@10740
ff 00 00 00
@10744
40 51 40 51
@10748
ff 00 00 00
@1074c
40 51 40 51
@10750
ff 00 00 00
@10754
40 51 40 51
@10758
ff 00 00 00
@1075c
40 51 40 51
@10760
ff 00 00 00
@10764
40 51 40 51
@10768
ff 00 00 00
@1076c
40 51 40 51
@10770
ff 00 00 00
@10774
40 51 40 51
@10778
ff 00 00 00
@1077c
40 51 40 51
@10780
ff 00 00 00
@10784
40 51 40 51
@10788
ff 00 00 00
@1078c
40 51 40 51
@10790
ff 00 00 00
@10794
40 51 40 51
@10798
ff 00 00 00
@1079c
40 51 40 51
@107a0
ff 00 00 00
@107a4
40 51 40 51
@107a8
ff 00 00 00
@107ac
40 51 40 51
@107b0
ff 00 00 00
@107b4
40 51 40 51
@107b8
ff 00 00 00
@107bc
40 51 40 51
@107c0
ff 00 00 00
@107c4
40 51 40 51
@107c8
ff 00 00 00
@107cc
40 51 40 51
@107d0
ff 00 00 00
@107d4
40 51 40 51
@107d8
ff 00 00 00
@107dc
40 51 40 51
@107e0
ff 00 00 00
@107e4
40 51 40 51
@107e8
ff 00 00 00
@107ec
40 51 40 51
@107f0
ff 00 00 00
@107f4
40 51 40 51
@107f8
ff 00 00 00
@107fc
40 51 00 00
